<?xml version="1.0"?>
<opencv_storage>
<calibration_Time>"Wed Aug 28 20:29:50 2019"</calibration_Time>
<nrOfFrames>21</nrOfFrames>
<image_Width>640</image_Width>
<image_Height>480</image_Height>
<board_Width>8</board_Width>
<board_Height>6</board_Height>
<square_Size>25.</square_Size>
<FixAspectRatio>1.</FixAspectRatio>
<!-- flags:  +fix_aspectRatio +fix_principal_point +zero_tangent_dist -->
<flagValue>14</flagValue>
<Camera_Matrix type_id="opencv-matrix">
  <rows>3</rows>
  <cols>3</cols>
  <dt>d</dt>
  <data>
    6.0563961303516817e+02 0. 320. 0. 6.0563961303516817e+02 240. 0. 0.
    1.</data></Camera_Matrix>
<Distortion_Coefficients type_id="opencv-matrix">
  <rows>5</rows>
  <cols>1</cols>
  <dt>d</dt>
  <data>
    1.9252619981939566e-02 7.4986362399431750e-01 0. 0.
    -3.0400942043049621e+00</data></Distortion_Coefficients>
<Avg_Reprojection_Error>1.9059261758552937e-01</Avg_Reprojection_Error>
<Per_View_Reprojection_Errors type_id="opencv-matrix">
  <rows>21</rows>
  <cols>1</cols>
  <dt>f</dt>
  <data>
    1.02992676e-01 1.74169749e-01 1.00371599e-01 2.54178405e-01
    1.27827615e-01 1.84417590e-01 1.16298556e-01 2.04373434e-01
    3.10873061e-01 3.52497011e-01 2.71708667e-01 9.67126340e-02
    1.09978177e-01 2.87598491e-01 1.25307545e-01 1.43227577e-01
    2.04215541e-01 8.61064717e-02 1.09131433e-01 1.53070658e-01
    1.48361683e-01</data></Per_View_Reprojection_Errors>
<!-- a set of 6-tuples (rotation vector + translation vector) for each view -->
<Extrinsic_Parameters type_id="opencv-matrix">
  <rows>21</rows>
  <cols>6</cols>
  <dt>d</dt>
  <data>
    2.8669294463675291e-02 -1.9112269244452551e-01
    -1.9778513145136678e-01 -4.3854965633916031e+01
    -2.8545527395053842e+01 4.4100243476372702e+02
    -9.0155619851419413e-02 -6.8118411084034408e-02
    -1.4802104902879681e-01 -1.3565345951167815e+01
    3.2235929191190760e-01 4.7627300575559508e+02 3.0832370480301859e-02
    -1.0013866822854768e-01 -1.4417269016918244e-01
    -6.5055321234562513e+01 -6.7876188730549899e+01
    4.0897209583469544e+02 -5.8985413858395265e-02
    -1.9417507665491529e-01 3.5115589389641204e-02
    -5.2485486973210627e+01 -4.0315669849377805e+01
    3.2804104131189575e+02 1.8210568445142516e-02
    -3.6439743683486370e-01 2.1990696224315032e-02
    -1.2675931269415381e+02 -6.2579643512469730e+01
    4.1032176335053066e+02 1.6652899374392521e-01
    -4.8824336713588337e-02 -4.8395459482277431e-01
    -9.2693324379572331e+01 -6.7717689223647479e+00
    4.5138471290087421e+02 1.7761624682820532e-01
    -2.2851058934372245e-01 -6.3169123803212268e-02
    -7.8724631418026931e+01 -4.4492646986629289e+01
    3.4074409080733108e+02 -2.5218694732385238e-01
    -3.1611598880969882e-01 -6.2392178559208186e-02
    -6.4500278684957848e+01 -5.3149703220457084e+01
    3.8291343245679730e+02 -1.6656722443312860e-01
    -4.8472497170357254e-01 -6.6972860213410937e-02
    -1.0459746861266169e+02 -7.9773658952880396e+01
    3.3876737994916760e+02 1.1186227177318386e-01
    -4.1684703496231501e-01 -3.3587196214123476e-02
    -8.3054714102763398e+01 -5.8251361135089063e+01
    2.7474703023668792e+02 2.7807904601163064e-01
    -1.3599362849252339e-01 -2.7531542718285323e-01
    -1.0266364478637971e+02 -5.6400807423298275e+01
    3.7279061255512084e+02 7.7666717897159829e-02
    -1.8980686808929234e-01 -2.3106112322858887e-02
    -5.2685656057201648e+01 -2.2779447527406187e+01
    5.5170926822916499e+02 4.0430422009472750e-01
    -2.6943923349889676e-01 -2.5349437716173116e-02
    -4.4534518576896986e+01 -5.1787634713184502e+01
    3.5412762376459352e+02 3.7258991431231146e-02
    -1.8553911386963678e-01 -1.9500038677235895e-01
    -9.0964415062970460e+01 -9.2758370126661536e+00
    4.8980534493871937e+02 1.4031854395021176e-01
    -2.3887370919267045e-01 -3.9730136126750848e-01
    -2.1913443946142412e+01 -2.7822874354715882e+01
    4.5989764142932211e+02 1.2270907078592004e-01
    -1.6397324274367656e-01 2.7175765356265030e-01
    2.9928278266733006e+01 -6.2037203272111277e+01
    5.0510029482214679e+02 2.1211285397869509e-01
    -3.2363115193317071e-01 -4.0900241348887444e-02
    -7.3005137787811591e+01 -7.6454167081835834e+01
    4.1345247053372242e+02 1.4045792551769170e-02
    -1.8622481234549704e-01 -7.5603806257976039e-02
    -2.8123483567061751e+01 -2.0533739678534172e+01
    3.9193110926562565e+02 2.9780581226393676e-01
    -5.8433483902824136e-02 -1.7897742633762290e-01
    -6.8069295049902408e+01 -6.1327710961161088e+01
    3.9013136559651912e+02 2.1603292111603528e-01
    -4.9087441888679850e-01 -5.6096805093616919e-02
    -9.3969504589386375e+01 -5.1449016351402854e+01
    3.0149933058794414e+02 -1.6237699179575342e-02
    -3.5489348969434487e-01 -1.3449921104548160e-01
    -1.3433692196844098e+02 -5.8582395474683366e+01
    4.6785767931560281e+02</data></Extrinsic_Parameters>
